00000
00001
00002
00003
00004
00005
00010
00011
00012
00013
00014
00015
00020
00021
00022
00023
00024
00025
00030
00031
00032
00033
00034
00035
00040
00041
00042
00043
00044
00045
00050
00051
00052
00053
00054
00055
00100
00101
00102
00103
00104
00105
00110
00111
00112
00113
00114
00115
00120
00121
00122
00123
00124
00125
00130
00131
00132
00133
00134
00135
00140
00141
00142
00143
00144
00145
00150
00151
00152
00153
00154
00155
00200
00201
00202
00203
00204
00205
00210
00211
00212
00213
00214
00215
00220
00221
00222
00223
00224
00225
00230
00231
00232
00233
00234
00235
00240
00241
00242
00243
00244
00245
00250
00251
00252
00253
00254
00255
00300
00301
00302
00303
00304
00305
00310
00311
00312
00313
00314
00315
00320
00321
00322
00323
00324
00325
00330
00331
00332
00333
00334
00335
00340
00341
00342
00343
00344
00345
00350
00351
00352
00353
00354
00355
00400
00401
00402
00403
00404
00405
00410
00411
00412
00413
00414
00415
00420
00421
00422
00423
00424
00425
00430
00431
00432
00433
00434
00435
00440
00441
00442
00443
00444
00445
00450
00451
00452
00453
00454
00455
00500
00501
00502
00503
00504
00505
00510
00511
00512
00513
00514
00515
00520
00521
00522
00523
00524
00525
00530
00531
00532
00533
00534
00535
00540
00541
00542
00543
00544
00545
00550
00551
00552
00553
00554
00555
01000
01001
01002
01003
01004
01005
01010
01011
01012
01013
01014
01015
01020
01021
01022
01023
01024
01025
01030
01031
01032
01033
01034
01035
01040
01041
01042
01043
01044
01045
01050
01051
01052
01053
01054
01055
01100
01101
01102
01103
01104
01105
01110
01111
01112
01113
01114
01115
01120
01121
01122
01123
01124
01125
01130
01131
01132
01133
01134
01135
01140
01141
01142
01143
01144
01145
01150
01151
01152
01153
01154
01155
01200
01201
01202
01203
01204
01205
01210
01211
01212
01213
01214
01215
01220
01221
01222
01223
01224
01225
01230
01231
01232
01233
01234
01235
01240
01241
01242
01243
01244
01245
01250
01251
01252
01253
01254
01255
01300
01301
01302
01303
01304
01305
01310
01311
01312
01313
01314
01315
01320
01321
01322
01323
01324
01325
01330
01331
01332
01333
01334
01335
01340
01341
01342
01343
01344
01345
01350
01351
01352
01353
01354
01355
01400
01401
01402
01403
01404
01405
01410
01411
01412
01413
01414
01415
01420
01421
01422
01423
01424
01425
01430
01431
01432
01433
01434
01435
01440
01441
01442
01443
01444
01445
01450
01451
01452
01453
01454
01455
01500
01501
01502
01503
01504
01505
01510
01511
01512
01513
01514
01515
01520
01521
01522
01523
01524
01525
01530
01531
01532
01533
01534
01535
01540
01541
01542
01543
01544
01545
01550
01551
01552
01553
01554
01555
02000
02001
02002
02003
02004
02005
02010
02011
02012
02013
02014
02015
02020
02021
02022
02023
02024
02025
02030
02031
02032
02033
02034
02035
02040
02041
02042
02043
02044
02045
02050
02051
02052
02053
02054
02055
02100
02101
02102
02103
02104
02105
02110
02111
02112
02113
02114
02115
02120
02121
02122
02123
02124
02125
02130
02131
02132
02133
02134
02135
02140
02141
02142
02143
02144
02145
02150
02151
02152
02153
02154
02155
02200
02201
02202
02203
02204
02205
02210
02211
02212
02213
02214
02215
02220
02221
02222
02223
02224
02225
02230
02231
02232
02233
02234
02235
02240
02241
02242
02243
02244
02245
02250
02251
02252
02253
02254
02255
02300
02301
02302
02303
02304
02305
02310
02311
02312
02313
02314
02315
02320
02321
02322
02323
02324
02325
02330
02331
02332
02333
02334
02335
02340
02341
02342
02343
02344
02345
02350
02351
02352
02353
02354
02355
02400
02401
02402
02403
02404
02405
02410
02411
02412
02413
02414
02415
02420
02421
02422
02423
02424
02425
02430
02431
02432
02433
02434
02435
02440
02441
02442
02443
02444
02445
02450
02451
02452
02453
02454
02455
02500
02501
02502
02503
02504
02505
02510
02511
02512
02513
02514
02515
02520
02521
02522
02523
02524
02525
02530
02531
02532
02533
02534
02535
02540
02541
02542
02543
02544
02545
02550
02551
02552
02553
02554
02555
03000
03001
03002
03003
03004
03005
03010
03011
03012
03013
03014
03015
03020
03021
03022
03023
03024
03025
03030
03031
03032
03033
03034
03035
03040
03041
03042
03043
03044
03045
03050
03051
03052
03053
03054
03055
03100
03101
03102
03103
03104
03105
03110
03111
03112
03113
03114
03115
03120
03121
03122
03123
03124
03125
03130
03131
03132
03133
03134
03135
03140
03141
03142
03143
03144
03145
03150
03151
03152
03153
03154
03155
03200
03201
03202
03203
03204
03205
03210
03211
03212
03213
03214
03215
03220
03221
03222
03223
03224
03225
03230
03231
03232
03233
03234
03235
03240
03241
03242
03243
03244
03245
03250
03251
03252
03253
03254
03255
03300
03301
03302
03303
03304
03305
03310
03311
03312
03313
03314
03315
03320
03321
03322
03323
03324
03325
03330
03331
03332
03333
03334
03335
03340
03341
03342
03343
03344
03345
03350
03351
03352
03353
03354
03355
03400
03401
03402
03403
03404
03405
03410
03411
03412
03413
03414
03415
03420
03421
03422
03423
03424
03425
03430
03431
03432
03433
03434
03435
03440
03441
03442
03443
03444
03445
03450
03451
03452
03453
03454
03455
03500
03501
03502
03503
03504
03505
03510
03511
03512
03513
03514
03515
03520
03521
03522
03523
03524
03525
03530
03531
03532
03533
03534
03535
03540
03541
03542
03543
03544
03545
03550
03551
03552
03553
03554
03555
04000
04001
04002
04003
04004
04005
04010
04011
04012
04013
04014
04015
04020
04021
04022
04023
04024
04025
04030
04031
04032
04033
04034
04035
04040
04041
04042
04043
04044
04045
04050
04051
04052
04053
04054
04055
04100
04101
04102
04103
04104
04105
04110
04111
04112
04113
04114
04115
04120
04121
04122
04123
04124
04125
04130
04131
04132
04133
04134
04135
04140
04141
04142
04143
04144
04145
04150
04151
04152
04153
04154
04155
04200
04201
04202
04203
04204
04205
04210
04211
04212
04213
04214
04215
04220
04221
04222
04223
04224
04225
04230
04231
04232
04233
04234
04235
04240
04241
04242
04243
04244
04245
04250
04251
04252
04253
04254
04255
04300
04301
04302
04303
04304
04305
04310
04311
04312
04313
04314
04315
04320
04321
04322
04323
04324
04325
04330
04331
04332
04333
04334
04335
04340
04341
04342
04343
04344
04345
04350
04351
04352
04353
04354
04355
04400
04401
04402
04403
04404
04405
04410
04411
04412
04413
04414
04415
04420
04421
04422
04423
04424
04425
04430
04431
04432
04433
04434
04435
04440
04441
04442
04443
04444
04445
04450
04451
04452
04453
04454
04455
04500
04501
04502
04503
04504
04505
04510
04511
04512
04513
04514
04515
04520
04521
04522
04523
04524
04525
04530
04531
04532
04533
04534
04535
04540
04541
04542
04543
04544
04545
04550
04551
04552
04553
04554
04555
05000
05001
05002
05003
05004
05005
05010
05011
05012
05013
05014
05015
05020
05021
05022
05023
05024
05025
05030
05031
05032
05033
05034
05035
05040
05041
05042
05043
05044
05045
05050
05051
05052
05053
05054
05055
05100
05101
05102
05103
05104
05105
05110
05111
05112
05113
05114
05115
05120
05121
05122
05123
05124
05125
05130
05131
05132
05133
05134
05135
05140
05141
05142
05143
05144
05145
05150
05151
05152
05153
05154
05155
05200
05201
05202
05203
05204
05205
05210
05211
05212
05213
05214
05215
05220
05221
05222
05223
05224
05225
05230
05231
05232
05233
05234
05235
05240
05241
05242
05243
05244
05245
05250
05251
05252
05253
05254
05255
05300
05301
05302
05303
05304
05305
05310
05311
05312
05313
05314
05315
05320
05321
05322
05323
05324
05325
05330
05331
05332
05333
05334
05335
05340
05341
05342
05343
05344
05345
05350
05351
05352
05353
05354
05355
05400
05401
05402
05403
05404
05405
05410
05411
05412
05413
05414
05415
05420
05421
05422
05423
05424
05425
05430
05431
05432
05433
05434
05435
05440
05441
05442
05443
05444
05445
05450
05451
05452
05453
05454
05455
05500
05501
05502
05503
05504
05505
05510
05511
05512
05513
05514
05515
05520
05521
05522
05523
05524
05525
05530
05531
05532
05533
05534
05535
05540
05541
05542
05543
05544
05545
05550
05551
05552
05553
05554
05555
10000
10001
10002
10003
10004
10005
10010
10011
10012
10013
10014
10015
10020
10021
10022
10023
10024
10025
10030
10031
10032
10033
10034
10035
10040
10041
10042
10043
10044
10045
10050
10051
10052
10053
10054
10055
10100
10101
10102
10103
10104
10105
10110
10111
10112
10113
10114
10115
10120
10121
10122
10123
10124
10125
10130
10131
10132
10133
10134
10135
10140
10141
10142
10143
10144
10145
10150
10151
10152
10153
10154
10155
10200
10201
10202
10203
10204
10205
10210
10211
10212
10213
10214
10215
10220
10221
10222
10223
10224
10225
10230
10231
10232
10233
10234
10235
10240
10241
10242
10243
10244
10245
10250
10251
10252
10253
10254
10255
10300
10301
10302
10303
10304
10305
10310
10311
10312
10313
10314
10315
10320
10321
10322
10323
10324
10325
10330
10331
10332
10333
10334
10335
10340
10341
10342
10343
10344
10345
10350
10351
10352
10353
10354
10355
10400
10401
10402
10403
10404
10405
10410
10411
10412
10413
10414
10415
10420
10421
10422
10423
10424
10425
10430
10431
10432
10433
10434
10435
10440
10441
10442
10443
10444
10445
10450
10451
10452
10453
10454
10455
10500
10501
10502
10503
10504
10505
10510
10511
10512
10513
10514
10515
10520
10521
10522
10523
10524
10525
10530
10531
10532
10533
10534
10535
10540
10541
10542
10543
10544
10545
10550
10551
10552
10553
10554
10555
11000
11001
11002
11003
11004
11005
11010
11011
11012
11013
11014
11015
11020
11021
11022
11023
11024
11025
11030
11031
11032
11033
11034
11035
11040
11041
11042
11043
11044
11045
11050
11051
11052
11053
11054
11055
11100
11101
11102
11103
11104
11105
11110
11111
11112
11113
11114
11115
11120
11121
11122
11123
11124
11125
11130
11131
11132
11133
11134
11135
11140
11141
11142
11143
11144
11145
11150
11151
11152
11153
11154
11155
11200
11201
11202
11203
11204
11205
11210
11211
11212
11213
11214
11215
11220
11221
11222
11223
11224
11225
11230
11231
11232
11233
11234
11235
11240
11241
11242
11243
11244
11245
11250
11251
11252
11253
11254
11255
11300
11301
11302
11303
11304
11305
11310
11311
11312
11313
11314
11315
11320
11321
11322
11323
11324
11325
11330
11331
11332
11333
11334
11335
11340
11341
11342
11343
11344
11345
11350
11351
11352
11353
11354
11355
11400
11401
11402
11403
11404
11405
11410
11411
11412
11413
11414
11415
11420
11421
11422
11423
11424
11425
11430
11431
11432
11433
11434
11435
11440
11441
11442
11443
11444
11445
11450
11451
11452
11453
11454
11455
11500
11501
11502
11503
11504
11505
11510
11511
11512
11513
11514
11515
11520
11521
11522
11523
11524
11525
11530
11531
11532
11533
11534
11535
11540
11541
11542
11543
11544
11545
11550
11551
11552
11553
11554
11555
12000
12001
12002
12003
12004
12005
12010
12011
12012
12013
12014
12015
12020
12021
12022
12023
12024
12025
12030
12031
12032
12033
12034
12035
12040
12041
12042
12043
12044
12045
12050
12051
12052
12053
12054
12055
12100
12101
12102
12103
12104
12105
12110
12111
12112
12113
12114
12115
12120
12121
12122
12123
12124
12125
12130
12131
12132
12133
12134
12135
12140
12141
12142
12143
12144
12145
12150
12151
12152
12153
12154
12155
12200
12201
12202
12203
12204
12205
12210
12211
12212
12213
12214
12215
12220
12221
12222
12223
12224
12225
12230
12231
12232
12233
12234
12235
12240
12241
12242
12243
12244
12245
12250
12251
12252
12253
12254
12255
12300
12301
12302
12303
12304
12305
12310
12311
12312
12313
12314
12315
12320
12321
12322
12323
12324
12325
12330
12331
12332
12333
12334
12335
12340
12341
12342
12343
12344
12345
12350
12351
12352
12353
12354
12355
12400
12401
12402
12403
12404
12405
12410
12411
12412
12413
12414
12415
12420
12421
12422
12423
12424
12425
12430
12431
12432
12433
12434
12435
12440
12441
12442
12443
12444
12445
12450
12451
12452
12453
12454
12455
12500
12501
12502
12503
12504
12505
12510
12511
12512
12513
12514
12515
12520
12521
12522
12523
12524
12525
12530
12531
12532
12533
12534
12535
12540
12541
12542
12543
12544
12545
12550
12551
12552
12553
12554
12555
13000
13001
13002
13003
13004
13005
13010
13011
13012
13013
13014
13015
13020
13021
13022
13023
13024
13025
13030
13031
13032
13033
13034
13035
13040
13041
13042
13043
13044
13045
13050
13051
13052
13053
13054
13055
13100
13101
13102
13103
13104
13105
13110
13111
13112
13113
13114
13115
13120
13121
13122
13123
13124
13125
13130
13131
13132
13133
13134
13135
13140
13141
13142
13143
13144
13145
13150
13151
13152
13153
13154
13155
13200
13201
13202
13203
13204
13205
13210
13211
13212
13213
13214
13215
13220
13221
13222
13223
13224
13225
13230
13231
13232
13233
13234
13235
13240
13241
13242
13243
13244
13245
13250
13251
13252
13253
13254
13255
13300
13301
13302
13303
13304
13305
13310
13311
13312
13313
13314
13315
13320
13321
13322
13323
13324
13325
13330
13331
13332
13333
13334
13335
13340
13341
13342
13343
13344
13345
13350
13351
13352
13353
13354
13355
13400
13401
13402
13403
13404
13405
13410
13411
13412
13413
13414
13415
13420
13421
13422
13423
13424
13425
13430
13431
13432
13433
13434
13435
13440
13441
13442
13443
13444
13445
13450
13451
13452
13453
13454
13455
13500
13501
13502
13503
13504
13505
13510
13511
13512
13513
13514
13515
13520
13521
13522
13523
13524
13525
13530
13531
13532
13533
13534
13535
13540
13541
13542
13543
13544
13545
13550
13551
13552
13553
13554
13555
14000
14001
14002
14003
14004
14005
14010
14011
14012
14013
14014
14015
14020
14021
14022
14023
14024
14025
14030
14031
14032
14033
14034
14035
14040
14041
14042
14043
14044
14045
14050
14051
14052
14053
14054
14055
14100
14101
14102
14103
14104
14105
14110
14111
14112
14113
14114
14115
14120
14121
14122
14123
14124
14125
14130
14131
14132
14133
14134
14135
14140
14141
14142
14143
14144
14145
14150
14151
14152
14153
14154
14155
14200
14201
14202
14203
14204
14205
14210
14211
14212
14213
14214
14215
14220
14221
14222
14223
14224
14225
14230
14231
14232
14233
14234
14235
14240
14241
14242
14243
14244
14245
14250
14251
14252
14253
14254
14255
14300
14301
14302
14303
14304
14305
14310
14311
14312
14313
14314
14315
14320
14321
14322
14323
14324
14325
14330
14331
14332
14333
14334
14335
14340
14341
14342
14343
14344
14345
14350
14351
14352
14353
14354
14355
14400
14401
14402
14403
14404
14405
14410
14411
14412
14413
14414
14415
14420
14421
14422
14423
14424
14425
14430
14431
14432
14433
14434
14435
14440
14441
14442
14443
14444
14445
14450
14451
14452
14453
14454
14455
14500
14501
14502
14503
14504
14505
14510
14511
14512
14513
14514
14515
14520
14521
14522
14523
14524
14525
14530
14531
14532
14533
14534
14535
14540
14541
14542
14543
14544
14545
14550
14551
14552
14553
14554
14555
15000
15001
15002
15003
15004
15005
15010
15011
15012
15013
15014
15015
15020
15021
15022
15023
15024
15025
15030
15031
15032
15033
15034
15035
15040
15041
15042
15043
15044
15045
15050
15051
15052
15053
15054
15055
15100
15101
15102
15103
15104
15105
15110
15111
15112
15113
15114
15115
15120
15121
15122
15123
15124
15125
15130
15131
15132
15133
15134
15135
15140
15141
15142
15143
15144
15145
15150
15151
15152
15153
15154
15155
15200
15201
15202
15203
15204
15205
15210
15211
15212
15213
15214
15215
15220
15221
15222
15223
15224
15225
15230
15231
15232
15233
15234
15235
15240
15241
15242
15243
15244
15245
15250
15251
15252
15253
15254
15255
15300
15301
15302
15303
15304
15305
15310
15311
15312
15313
15314
15315
15320
15321
15322
15323
15324
15325
15330
15331
15332
15333
15334
15335
15340
15341
15342
15343
15344
15345
15350
15351
15352
15353
15354
15355
15400
15401
15402
15403
15404
15405
15410
15411
15412
15413
15414
15415
15420
15421
15422
15423
15424
15425
15430
15431
15432
15433
15434
15435
15440
15441
15442
15443
15444
15445
15450
15451
15452
15453
15454
15455
15500
15501
15502
15503
15504
15505
15510
15511
15512
15513
15514
15515
15520
15521
15522
15523
15524
15525
15530
15531
15532
15533
15534
15535
15540
15541
15542
15543
15544
15545
15550
15551
15552
15553
15554
15555
20000
20001
20002
20003
20004
20005
20010
20011
20012
20013
20014
20015
20020
20021
20022
20023
20024
20025
20030
20031
20032
20033
20034
20035
20040
20041
20042
20043
20044
20045
20050
20051
20052
20053
20054
20055
20100
20101
20102
20103
20104
20105
20110
20111
20112
20113
20114
20115
20120
20121
20122
20123
20124
20125
20130
20131
20132
20133
20134
20135
20140
20141
20142
20143
20144
20145
20150
20151
20152
20153
20154
20155
20200
20201
20202
20203
20204
20205
20210
20211
20212
20213
20214
20215
20220
20221
20222
20223
20224
20225
20230
20231
20232
20233
20234
20235
20240
20241
20242
20243
20244
20245
20250
20251
20252
20253
20254
20255
20300
20301
20302
20303
20304
20305
20310
20311
20312
20313
20314
20315
20320
20321
20322
20323
20324
20325
20330
20331
20332
20333
20334
20335
20340
20341
20342
20343
20344
20345
20350
20351
20352
20353
20354
20355
20400
20401
20402
20403
20404
20405
20410
20411
20412
20413
20414
20415
20420
20421
20422
20423
20424
20425
20430
20431
20432
20433
20434
20435
20440
20441
20442
20443
20444
20445
20450
20451
20452
20453
20454
20455
20500
20501
20502
20503
20504
20505
20510
20511
20512
20513
20514
20515
20520
20521
20522
20523
20524
20525
20530
20531
20532
20533
20534
20535
20540
20541
20542
20543
20544
20545
20550
20551
20552
20553
20554
20555
21000
21001
21002
21003
21004
21005
21010
21011
21012
21013
21014
21015
21020
21021
21022
21023
21024
21025
21030
21031
21032
21033
21034
21035
21040
21041
21042
21043
21044
21045
21050
21051
21052
21053
21054
21055
21100
21101
21102
21103
21104
21105
21110
21111
21112
21113
21114
21115
21120
21121
21122
21123
21124
21125
21130
21131
21132
21133
21134
21135
21140
21141
21142
21143
21144
21145
21150
21151
21152
21153
21154
21155
21200
21201
21202
21203
21204
21205
21210
21211
21212
21213
21214
21215
21220
21221
21222
21223
21224
21225
21230
21231
21232
21233
21234
21235
21240
21241
21242
21243
21244
21245
21250
21251
21252
21253
21254
21255
21300
21301
21302
21303
21304
21305
21310
21311
21312
21313
21314
21315
21320
21321
21322
21323
21324
21325
21330
21331
21332
21333
21334
21335
21340
21341
21342
21343
21344
21345
21350
21351
21352
21353
21354
21355
21400
21401
21402
21403
21404
21405
21410
21411
21412
21413
21414
21415
21420
21421
21422
21423
21424
21425
21430
21431
21432
21433
21434
21435
21440
21441
21442
21443
21444
21445
21450
21451
21452
21453
21454
21455
21500
21501
21502
21503
21504
21505
21510
21511
21512
21513
21514
21515
21520
21521
21522
21523
21524
21525
21530
21531
21532
21533
21534
21535
21540
21541
21542
21543
21544
21545
21550
21551
21552
21553
21554
21555
22000
22001
22002
22003
22004
22005
22010
22011
22012
22013
22014
22015
22020
22021
22022
22023
22024
22025
22030
22031
22032
22033
22034
22035
22040
22041
22042
22043
22044
22045
22050
22051
22052
22053
22054
22055
22100
22101
22102
22103
22104
22105
22110
22111
22112
22113
22114
22115
22120
22121
22122
22123
22124
22125
22130
22131
22132
22133
22134
22135
22140
22141
22142
22143
22144
22145
22150
22151
22152
22153
22154
22155
22200
22201
22202
22203
22204
22205
22210
22211
22212
22213
22214
22215
22220
22221
22222
22223
22224
22225
22230
22231
22232
22233
22234
22235
22240
22241
22242
22243
22244
22245
22250
22251
22252
22253
22254
22255
22300
22301
22302
22303
22304
22305
22310
22311
22312
22313
22314
22315
22320
22321
22322
22323
22324
22325
22330
22331
22332
22333
22334
22335
22340
22341
22342
22343
22344
22345
22350
22351
22352
22353
22354
22355
22400
22401
22402
22403
22404
22405
22410
22411
22412
22413
22414
22415
22420
22421
22422
22423
22424
22425
22430
22431
22432
22433
22434
22435
22440
22441
22442
22443
22444
22445
22450
22451
22452
22453
22454
22455
22500
22501
22502
22503
22504
22505
22510
22511
22512
22513
22514
22515
22520
22521
22522
22523
22524
22525
22530
22531
22532
22533
22534
22535
22540
22541
22542
22543
22544
22545
22550
22551
22552
22553
22554
22555
23000
23001
23002
23003
23004
23005
23010
23011
23012
23013
23014
23015
23020
23021
23022
23023
23024
23025
23030
23031
23032
23033
23034
23035
23040
23041
23042
23043
23044
23045
23050
23051
23052
23053
23054
23055
23100
23101
23102
23103
23104
23105
23110
23111
23112
23113
23114
23115
23120
23121
23122
23123
23124
23125
23130
23131
23132
23133
23134
23135
23140
23141
23142
23143
23144
23145
23150
23151
23152
23153
23154
23155
23200
23201
23202
23203
23204
23205
23210
23211
23212
23213
23214
23215
23220
23221
23222
23223
23224
23225
23230
23231
23232
23233
23234
23235
23240
23241
23242
23243
23244
23245
23250
23251
23252
23253
23254
23255
23300
23301
23302
23303
23304
23305
23310
23311
23312
23313
23314
23315
23320
23321
23322
23323
23324
23325
23330
23331
23332
23333
23334
23335
23340
23341
23342
23343
23344
23345
23350
23351
23352
23353
23354
23355
23400
23401
23402
23403
23404
23405
23410
23411
23412
23413
23414
23415
23420
23421
23422
23423
23424
23425
23430
23431
23432
23433
23434
23435
23440
23441
23442
23443
23444
23445
23450
23451
23452
23453
23454
23455
23500
23501
23502
23503
23504
23505
23510
23511
23512
23513
23514
23515
23520
23521
23522
23523
23524
23525
23530
23531
23532
23533
23534
23535
23540
23541
23542
23543
23544
23545
23550
23551
23552
23553
23554
23555
24000
24001
24002
24003
24004
24005
24010
24011
24012
24013
24014
24015
24020
24021
24022
24023
24024
24025
24030
24031
24032
24033
24034
24035
24040
24041
24042
24043
24044
24045
24050
24051
24052
24053
24054
24055
24100
24101
24102
24103
24104
24105
24110
24111
24112
24113
24114
24115
24120
24121
24122
24123
24124
24125
24130
24131
24132
24133
24134
24135
24140
24141
24142
24143
24144
24145
24150
24151
24152
24153
24154
24155
24200
24201
24202
24203
24204
24205
24210
24211
24212
24213
24214
24215
24220
24221
24222
24223
24224
24225
24230
24231
24232
24233
24234
24235
24240
24241
24242
24243
24244
24245
24250
24251
24252
24253
24254
24255
24300
24301
24302
24303
24304
24305
24310
24311
24312
24313
24314
24315
24320
24321
24322
24323
24324
24325
24330
24331
24332
24333
24334
24335
24340
24341
24342
24343
24344
24345
24350
24351
24352
24353
24354
24355
24400
24401
24402
24403
24404
24405
24410
24411
24412
24413
24414
24415
24420
24421
24422
24423
24424
24425
24430
24431
24432
24433
24434
24435
24440
24441
24442
24443
24444
24445
24450
24451
24452
24453
24454
24455
24500
24501
24502
24503
24504
24505
24510
24511
24512
24513
24514
24515
24520
24521
24522
24523
24524
24525
24530
24531
24532
24533
24534
24535
24540
24541
24542
24543
24544
24545
24550
24551
24552
24553
24554
24555
25000
25001
25002
25003
25004
25005
25010
25011
25012
25013
25014
25015
25020
25021
25022
25023
25024
25025
25030
25031
25032
25033
25034
25035
25040
25041
25042
25043
25044
25045
25050
25051
25052
25053
25054
25055
25100
25101
25102
25103
25104
25105
25110
25111
25112
25113
25114
25115
25120
25121
25122
25123
25124
25125
25130
25131
25132
25133
25134
25135
25140
25141
25142
25143
25144
25145
25150
25151
25152
25153
25154
25155
25200
25201
25202
25203
25204
25205
25210
25211
25212
25213
25214
25215
25220
25221
25222
25223
25224
25225
25230
25231
25232
25233
25234
25235
25240
25241
25242
25243
25244
25245
25250
25251
25252
25253
25254
25255
25300
25301
25302
25303
25304
25305
25310
25311
25312
25313
25314
25315
25320
25321
25322
25323
25324
25325
25330
25331
25332
25333
25334
25335
25340
25341
25342
25343
25344
25345
25350
25351
25352
25353
25354
25355
25400
25401
25402
25403
25404
25405
25410
25411
25412
25413
25414
25415
25420
25421
25422
25423
25424
25425
25430
25431
25432
25433
25434
25435
25440
25441
25442
25443
25444
25445
25450
25451
25452
25453
25454
25455
25500
25501
25502
25503
25504
25505
25510
25511
25512
25513
25514
25515
25520
25521
25522
25523
25524
25525
25530
25531
25532
25533
25534
25535
25540
25541
25542
25543
25544
25545
25550
25551
25552
25553
25554
25555
30000
30001
30002
30003
30004
30005
30010
30011
30012
30013
30014
30015
30020
30021
30022
30023
30024
30025
30030
30031
30032
30033
30034
30035
30040
30041
30042
30043
30044
30045
30050
30051
30052
30053
30054
30055
30100
30101
30102
30103
30104
30105
30110
30111
30112
30113
30114
30115
30120
30121
30122
30123
30124
30125
30130
30131
30132
30133
30134
30135
30140
30141
30142
30143
30144
30145
30150
30151
30152
30153
30154
30155
30200
30201
30202
30203
30204
30205
30210
30211
30212
30213
30214
30215
30220
30221
30222
30223
30224
30225
30230
30231
30232
30233
30234
30235
30240
30241
30242
30243
30244
30245
30250
30251
30252
30253
30254
30255
30300
30301
30302
30303
30304
30305
30310
30311
30312
30313
30314
30315
30320
30321
30322
30323
30324
30325
30330
30331
30332
30333
30334
30335
30340
30341
30342
30343
30344
30345
30350
30351
30352
30353
30354
30355
30400
30401
30402
30403
30404
30405
30410
30411
30412
30413
30414
30415
30420
30421
30422
30423
30424
30425
30430
30431
30432
30433
30434
30435
30440
30441
30442
30443
30444
30445
30450
30451
30452
30453
30454
30455
30500
30501
30502
30503
30504
30505
30510
30511
30512
30513
30514
30515
30520
30521
30522
30523
30524
30525
30530
30531
30532
30533
30534
30535
30540
30541
30542
30543
30544
30545
30550
30551
30552
30553
30554
30555
31000
31001
31002
31003
31004
31005
31010
31011
31012
31013
31014
31015
31020
31021
31022
31023
31024
31025
31030
31031
31032
31033
31034
31035
31040
31041
31042
31043
31044
31045
31050
31051
31052
31053
31054
31055
31100
31101
31102
31103
31104
31105
31110
31111
31112
31113
31114
31115
31120
31121
31122
31123
31124
31125
31130
31131
31132
31133
31134
31135
31140
31141
31142
31143
31144
31145
31150
31151
31152
31153
31154
31155
31200
31201
31202
31203
31204
31205
31210
31211
31212
31213
31214
31215
31220
31221
31222
31223
31224
31225
31230
31231
31232
31233
31234
31235
31240
31241
31242
31243
31244
31245
31250
31251
31252
31253
31254
31255
31300
31301
31302
31303
31304
31305
31310
31311
31312
31313
31314
31315
31320
31321
31322
31323
31324
31325
31330
31331
31332
31333
31334
31335
31340
31341
31342
31343
31344
31345
31350
31351
31352
31353
31354
31355
31400
31401
31402
31403
31404
31405
31410
31411
31412
31413
31414
31415
31420
31421
31422
31423
31424
31425
31430
31431
31432
31433
31434
31435
31440
31441
31442
31443
31444
31445
31450
31451
31452
31453
31454
31455
31500
31501
31502
31503
31504
31505
31510
31511
31512
31513
31514
31515
31520
31521
31522
31523
31524
31525
31530
31531
31532
31533
31534
31535
31540
31541
31542
31543
31544
31545
31550
31551
31552
31553
31554
31555
32000
32001
32002
32003
32004
32005
32010
32011
32012
32013
32014
32015
32020
32021
32022
32023
32024
32025
32030
32031
32032
32033
32034
32035
32040
32041
32042
32043
32044
32045
32050
32051
32052
32053
32054
32055
32100
32101
32102
32103
32104
32105
32110
32111
32112
32113
32114
32115
32120
32121
32122
32123
32124
32125
32130
32131
32132
32133
32134
32135
32140
32141
32142
32143
32144
32145
32150
32151
32152
32153
32154
32155
32200
32201
32202
32203
32204
32205
32210
32211
32212
32213
32214
32215
32220
32221
32222
32223
32224
32225
32230
32231
32232
32233
32234
32235
32240
32241
32242
32243
32244
32245
32250
32251
32252
32253
32254
32255
32300
32301
32302
32303
32304
32305
32310
32311
32312
32313
32314
32315
32320
32321
32322
32323
32324
32325
32330
32331
32332
32333
32334
32335
32340
32341
32342
32343
32344
32345
32350
32351
32352
32353
32354
32355
32400
32401
32402
32403
32404
32405
32410
32411
32412
32413
32414
32415
32420
32421
32422
32423
32424
32425
32430
32431
32432
32433
32434
32435
32440
32441
32442
32443
32444
32445
32450
32451
32452
32453
32454
32455
32500
32501
32502
32503
32504
32505
32510
32511
32512
32513
32514
32515
32520
32521
32522
32523
32524
32525
32530
32531
32532
32533
32534
32535
32540
32541
32542
32543
32544
32545
32550
32551
32552
32553
32554
32555
33000
33001
33002
33003
33004
33005
33010
33011
33012
33013
33014
33015
33020
33021
33022
33023
33024
33025
33030
33031
33032
33033
33034
33035
33040
33041
33042
33043
33044
33045
33050
33051
33052
33053
33054
33055
33100
33101
33102
33103
33104
33105
33110
33111
33112
33113
33114
33115
33120
33121
33122
33123
33124
33125
33130
33131
33132
33133
33134
33135
33140
33141
33142
33143
33144
33145
33150
33151
33152
33153
33154
33155
33200
33201
33202
33203
33204
33205
33210
33211
33212
33213
33214
33215
33220
33221
33222
33223
33224
33225
33230
33231
33232
33233
33234
33235
33240
33241
33242
33243
33244
33245
33250
33251
33252
33253
33254
33255
33300
33301
33302
33303
33304
33305
33310
33311
33312
33313
33314
33315
33320
33321
33322
33323
33324
33325
33330
33331
33332
33333
33334
33335
33340
33341
33342
33343
33344
33345
33350
33351
33352
33353
33354
33355
33400
33401
33402
33403
33404
33405
33410
33411
33412
33413
33414
33415
33420
33421
33422
33423
33424
33425
33430
33431
33432
33433
33434
33435
33440
33441
33442
33443
33444
33445
33450
33451
33452
33453
33454
33455
33500
33501
33502
33503
33504
33505
33510
33511
33512
33513
33514
33515
33520
33521
33522
33523
33524
33525
33530
33531
33532
33533
33534
33535
33540
33541
33542
33543
33544
33545
33550
33551
33552
33553
33554
33555
34000
34001
34002
34003
34004
34005
34010
34011
34012
34013
34014
34015
34020
34021
34022
34023
34024
34025
34030
34031
34032
34033
34034
34035
34040
34041
34042
34043
34044
34045
34050
34051
34052
34053
34054
34055
34100
34101
34102
34103
34104
34105
34110
34111
34112
34113
34114
34115
34120
34121
34122
34123
34124
34125
34130
34131
34132
34133
34134
34135
34140
34141
34142
34143
34144
34145
34150
34151
34152
34153
34154
34155
34200
34201
34202
34203
34204
34205
34210
34211
34212
34213
34214
34215
34220
34221
34222
34223
34224
34225
34230
34231
34232
34233
34234
34235
34240
34241
34242
34243
34244
34245
34250
34251
34252
34253
34254
34255
34300
34301
34302
34303
34304
34305
34310
34311
34312
34313
34314
34315
34320
34321
34322
34323
34324
34325
34330
34331
34332
34333
34334
34335
34340
34341
34342
34343
34344
34345
34350
34351
34352
34353
34354
34355
34400
34401
34402
34403
34404
34405
34410
34411
34412
34413
34414
34415
34420
34421
34422
34423
34424
34425
34430
34431
34432
34433
34434
34435
34440
34441
34442
34443
34444
34445
34450
34451
34452
34453
34454
34455
34500
34501
34502
34503
34504
34505
34510
34511
34512
34513
34514
34515
34520
34521
34522
34523
34524
34525
34530
34531
34532
34533
34534
34535
34540
34541
34542
34543
34544
34545
34550
34551
34552
34553
34554
34555
35000
35001
35002
35003
35004
35005
35010
35011
35012
35013
35014
35015
35020
35021
35022
35023
35024
35025
35030
35031
35032
35033
35034
35035
35040
35041
35042
35043
35044
35045
35050
35051
35052
35053
35054
35055
35100
35101
35102
35103
35104
35105
35110
35111
35112
35113
35114
35115
35120
35121
35122
35123
35124
35125
35130
35131
35132
35133
35134
35135
35140
35141
35142
35143
35144
35145
35150
35151
35152
35153
35154
35155
35200
35201
35202
35203
35204
35205
35210
35211
35212
35213
35214
35215
35220
35221
35222
35223
35224
35225
35230
35231
35232
35233
35234
35235
35240
35241
35242
35243
35244
35245
35250
35251
35252
35253
35254
35255
35300
35301
35302
35303
35304
35305
35310
35311
35312
35313
35314
35315
35320
35321
35322
35323
35324
35325
35330
35331
35332
35333
35334
35335
35340
35341
35342
35343
35344
35345
35350
35351
35352
35353
35354
35355
35400
35401
35402
35403
35404
35405
35410
35411
35412
35413
35414
35415
35420
35421
35422
35423
35424
35425
35430
35431
35432
35433
35434
35435
35440
35441
35442
35443
35444
35445
35450
35451
35452
35453
35454
35455
35500
35501
35502
35503
35504
35505
35510
35511
35512
35513
35514
35515
35520
35521
35522
35523
35524
35525
35530
35531
35532
35533
35534
35535
35540
35541
35542
35543
35544
35545
35550
35551
35552
35553
35554
35555
40000
40001
40002
40003
40004
40005
40010
40011
40012
40013
40014
40015
40020
40021
40022
40023
40024
40025
40030
40031
40032
40033
40034
40035
40040
40041
40042
40043
40044
40045
40050
40051
40052
40053
40054
40055
40100
40101
40102
40103
40104
40105
40110
40111
40112
40113
40114
40115
40120
40121
40122
40123
40124
40125
40130
40131
40132
40133
40134
40135
40140
40141
40142
40143
40144
40145
40150
40151
40152
40153
40154
40155
40200
40201
40202
40203
40204
40205
40210
40211
40212
40213
40214
40215
40220
40221
40222
40223
40224
40225
40230
40231
40232
40233
40234
40235
40240
40241
40242
40243
40244
40245
40250
40251
40252
40253
40254
40255
40300
40301
40302
40303
40304
40305
40310
40311
40312
40313
40314
40315
40320
40321
40322
40323
40324
40325
40330
40331
40332
40333
40334
40335
40340
40341
40342
40343
40344
40345
40350
40351
40352
40353
40354
40355
40400
40401
40402
40403
40404
40405
40410
40411
40412
40413
40414
40415
40420
40421
40422
40423
40424
40425
40430
40431
40432
40433
40434
40435
40440
40441
40442
40443
40444
40445
40450
40451
40452
40453
40454
40455
40500
40501
40502
40503
40504
40505
40510
40511
40512
40513
40514
40515
40520
40521
40522
40523
40524
40525
40530
40531
40532
40533
40534
40535
40540
40541
40542
40543
40544
40545
40550
40551
40552
40553
40554
40555
41000
41001
41002
41003
41004
41005
41010
41011
41012
41013
41014
41015
41020
41021
41022
41023
41024
41025
41030
41031
41032
41033
41034
41035
41040
41041
41042
41043
41044
41045
41050
41051
41052
41053
41054
41055
41100
41101
41102
41103
41104
41105
41110
41111
41112
41113
41114
41115
41120
41121
41122
41123
41124
41125
41130
41131
41132
41133
41134
41135
41140
41141
41142
41143
41144
41145
41150
41151
41152
41153
41154
41155
41200
41201
41202
41203
41204
41205
41210
41211
41212
41213
41214
41215
41220
41221
41222
41223
41224
41225
41230
41231
41232
41233
41234
41235
41240
41241
41242
41243
41244
41245
41250
41251
41252
41253
41254
41255
41300
41301
41302
41303
41304
41305
41310
41311
41312
41313
41314
41315
41320
41321
41322
41323
41324
41325
41330
41331
41332
41333
41334
41335
41340
41341
41342
41343
41344
41345
41350
41351
41352
41353
41354
41355
41400
41401
41402
41403
41404
41405
41410
41411
41412
41413
41414
41415
41420
41421
41422
41423
41424
41425
41430
41431
41432
41433
41434
41435
41440
41441
41442
41443
41444
41445
41450
41451
41452
41453
41454
41455
41500
41501
41502
41503
41504
41505
41510
41511
41512
41513
41514
41515
41520
41521
41522
41523
41524
41525
41530
41531
41532
41533
41534
41535
41540
41541
41542
41543
41544
41545
41550
41551
41552
41553
41554
41555
42000
42001
42002
42003
42004
42005
42010
42011
42012
42013
42014
42015
42020
42021
42022
42023
42024
42025
42030
42031
42032
42033
42034
42035
42040
42041
42042
42043
42044
42045
42050
42051
42052
42053
42054
42055
42100
42101
42102
42103
42104
42105
42110
42111
42112
42113
42114
42115
42120
42121
42122
42123
42124
42125
42130
42131
42132
42133
42134
42135
42140
42141
42142
42143
42144
42145
42150
42151
42152
42153
42154
42155
42200
42201
42202
42203
42204
42205
42210
42211
42212
42213
42214
42215
42220
42221
42222
42223
42224
42225
42230
42231
42232
42233
42234
42235
42240
42241
42242
42243
42244
42245
42250
42251
42252
42253
42254
42255
42300
42301
42302
42303
42304
42305
42310
42311
42312
42313
42314
42315
42320
42321
42322
42323
42324
42325
42330
42331
42332
42333
42334
42335
42340
42341
42342
42343
42344
42345
42350
42351
42352
42353
42354
42355
42400
42401
42402
42403
42404
42405
42410
42411
42412
42413
42414
42415
42420
42421
42422
42423
42424
42425
42430
42431
42432
42433
42434
42435
42440
42441
42442
42443
42444
42445
42450
42451
42452
42453
42454
42455
42500
42501
42502
42503
42504
42505
42510
42511
42512
42513
42514
42515
42520
42521
42522
42523
42524
42525
42530
42531
42532
42533
42534
42535
42540
42541
42542
42543
42544
42545
42550
42551
42552
42553
42554
42555
43000
43001
43002
43003
43004
43005
43010
43011
43012
43013
43014
43015
43020
43021
43022
43023
43024
43025
43030
43031
43032
43033
43034
43035
43040
43041
43042
43043
43044
43045
43050
43051
43052
43053
43054
43055
43100
43101
43102
43103
43104
43105
43110
43111
43112
43113
43114
43115
43120
43121
43122
43123
43124
43125
43130
43131
43132
43133
43134
43135
43140
43141
43142
43143
43144
43145
43150
43151
43152
43153
43154
43155
43200
43201
43202
43203
43204
43205
43210
43211
43212
43213
43214
43215
43220
43221
43222
43223
43224
43225
43230
43231
43232
43233
43234
43235
43240
43241
43242
43243
43244
43245
43250
43251
43252
43253
43254
43255
43300
43301
43302
43303
43304
43305
43310
43311
43312
43313
43314
43315
43320
43321
43322
43323
43324
43325
43330
43331
43332
43333
43334
43335
43340
43341
43342
43343
43344
43345
43350
43351
43352
43353
43354
43355
43400
43401
43402
43403
43404
43405
43410
43411
43412
43413
43414
43415
43420
43421
43422
43423
43424
43425
43430
43431
43432
43433
43434
43435
43440
43441
43442
43443
43444
43445
43450
43451
43452
43453
43454
43455
43500
43501
43502
43503
43504
43505
43510
43511
43512
43513
43514
43515
43520
43521
43522
43523
43524
43525
43530
43531
43532
43533
43534
43535
43540
43541
43542
43543
43544
43545
43550
43551
43552
43553
43554
43555
44000
44001
44002
44003
44004
44005
44010
44011
44012
44013
44014
44015
44020
44021
44022
44023
44024
44025
44030
44031
44032
44033
44034
44035
44040
44041
44042
44043
44044
44045
44050
44051
44052
44053
44054
44055
44100
44101
44102
44103
44104
44105
44110
44111
44112
44113
44114
44115
44120
44121
44122
44123
44124
44125
44130
44131
44132
44133
44134
44135
44140
44141
44142
44143
44144
44145
44150
44151
44152
44153
44154
44155
44200
44201
44202
44203
44204
44205
44210
44211
44212
44213
44214
44215
44220
44221
44222
44223
44224
44225
44230
44231
44232
44233
44234
44235
44240
44241
44242
44243
44244
44245
44250
44251
44252
44253
44254
44255
44300
44301
44302
44303
44304
44305
44310
44311
44312
44313
44314
44315
44320
44321
44322
44323
44324
44325
44330
44331
44332
44333
44334
44335
44340
44341
44342
44343
44344
44345
44350
44351
44352
44353
44354
44355
44400
44401
44402
44403
44404
44405
44410
44411
44412
44413
44414
44415
44420
44421
44422
44423
44424
44425
44430
44431
44432
44433
44434
44435
44440
44441
44442
44443
44444
44445
44450
44451
44452
44453
44454
44455
44500
44501
44502
44503
44504
44505
44510
44511
44512
44513
44514
44515
44520
44521
44522
44523
44524
44525
44530
44531
44532
44533
44534
44535
44540
44541
44542
44543
44544
44545
44550
44551
44552
44553
44554
44555
45000
45001
45002
45003
45004
45005
45010
45011
45012
45013
45014
45015
45020
45021
45022
45023
45024
45025
45030
45031
45032
45033
45034
45035
45040
45041
45042
45043
45044
45045
45050
45051
45052
45053
45054
45055
45100
45101
45102
45103
45104
45105
45110
45111
45112
45113
45114
45115
45120
45121
45122
45123
45124
45125
45130
45131
45132
45133
45134
45135
45140
45141
45142
45143
45144
45145
45150
45151
45152
45153
45154
45155
45200
45201
45202
45203
45204
45205
45210
45211
45212
45213
45214
45215
45220
45221
45222
45223
45224
45225
45230
45231
45232
45233
45234
45235
45240
45241
45242
45243
45244
45245
45250
45251
45252
45253
45254
45255
45300
45301
45302
45303
45304
45305
45310
45311
45312
45313
45314
45315
45320
45321
45322
45323
45324
45325
45330
45331
45332
45333
45334
45335
45340
45341
45342
45343
45344
45345
45350
45351
45352
45353
45354
45355
45400
45401
45402
45403
45404
45405
45410
45411
45412
45413
45414
45415
45420
45421
45422
45423
45424
45425
45430
45431
45432
45433
45434
45435
45440
45441
45442
45443
45444
45445
45450
45451
45452
45453
45454
45455
45500
45501
45502
45503
45504
45505
45510
45511
45512
45513
45514
45515
45520
45521
45522
45523
45524
45525
45530
45531
45532
45533
45534
45535
45540
45541
45542
45543
45544
45545
45550
45551
45552
45553
45554
45555
50000
50001
50002
50003
50004
50005
50010
50011
50012
50013
50014
50015
50020
50021
50022
50023
50024
50025
50030
50031
50032
50033
50034
50035
50040
50041
50042
50043
50044
50045
50050
50051
50052
50053
50054
50055
50100
50101
50102
50103
50104
50105
50110
50111
50112
50113
50114
50115
50120
50121
50122
50123
50124
50125
50130
50131
50132
50133
50134
50135
50140
50141
50142
50143
50144
50145
50150
50151
50152
50153
50154
50155
50200
50201
50202
50203
50204
50205
50210
50211
50212
50213
50214
50215
50220
50221
50222
50223
50224
50225
50230
50231
50232
50233
50234
50235
50240
50241
50242
50243
50244
50245
50250
50251
50252
50253
50254
50255
50300
50301
50302
50303
50304
50305
50310
50311
50312
50313
50314
50315
50320
50321
50322
50323
50324
50325
50330
50331
50332
50333
50334
50335
50340
50341
50342
50343
50344
50345
50350
50351
50352
50353
50354
50355
50400
50401
50402
50403
50404
50405
50410
50411
50412
50413
50414
50415
50420
50421
50422
50423
50424
50425
50430
50431
50432
50433
50434
50435
50440
50441
50442
50443
50444
50445
50450
50451
50452
50453
50454
50455
50500
50501
50502
50503
50504
50505
50510
50511
50512
50513
50514
50515
50520
50521
50522
50523
50524
50525
50530
50531
50532
50533
50534
50535
50540
50541
50542
50543
50544
50545
50550
50551
50552
50553
50554
50555
51000
51001
51002
51003
51004
51005
51010
51011
51012
51013
51014
51015
51020
51021
51022
51023
51024
51025
51030
51031
51032
51033
51034
51035
51040
51041
51042
51043
51044
51045
51050
51051
51052
51053
51054
51055
51100
51101
51102
51103
51104
51105
51110
51111
51112
51113
51114
51115
51120
51121
51122
51123
51124
51125
51130
51131
51132
51133
51134
51135
51140
51141
51142
51143
51144
51145
51150
51151
51152
51153
51154
51155
51200
51201
51202
51203
51204
51205
51210
51211
51212
51213
51214
51215
51220
51221
51222
51223
51224
51225
51230
51231
51232
51233
51234
51235
51240
51241
51242
51243
51244
51245
51250
51251
51252
51253
51254
51255
51300
51301
51302
51303
51304
51305
51310
51311
51312
51313
51314
51315
51320
51321
51322
51323
51324
51325
51330
51331
51332
51333
51334
51335
51340
51341
51342
51343
51344
51345
51350
51351
51352
51353
51354
51355
51400
51401
51402
51403
51404
51405
51410
51411
51412
51413
51414
51415
51420
51421
51422
51423
51424
51425
51430
51431
51432
51433
51434
51435
51440
51441
51442
51443
51444
51445
51450
51451
51452
51453
51454
51455
51500
51501
51502
51503
51504
51505
51510
51511
51512
51513
51514
51515
51520
51521
51522
51523
51524
51525
51530
51531
51532
51533
51534
51535
51540
51541
51542
51543
51544
51545
51550
51551
51552
51553
51554
51555
52000
52001
52002
52003
52004
52005
52010
52011
52012
52013
52014
52015
52020
52021
52022
52023
52024
52025
52030
52031
52032
52033
52034
52035
52040
52041
52042
52043
52044
52045
52050
52051
52052
52053
52054
52055
52100
52101
52102
52103
52104
52105
52110
52111
52112
52113
52114
52115
52120
52121
52122
52123
52124
52125
52130
52131
52132
52133
52134
52135
52140
52141
52142
52143
52144
52145
52150
52151
52152
52153
52154
52155
52200
52201
52202
52203
52204
52205
52210
52211
52212
52213
52214
52215
52220
52221
52222
52223
52224
52225
52230
52231
52232
52233
52234
52235
52240
52241
52242
52243
52244
52245
52250
52251
52252
52253
52254
52255
52300
52301
52302
52303
52304
52305
52310
52311
52312
52313
52314
52315
52320
52321
52322
52323
52324
52325
52330
52331
52332
52333
52334
52335
52340
52341
52342
52343
52344
52345
52350
52351
52352
52353
52354
52355
52400
52401
52402
52403
52404
52405
52410
52411
52412
52413
52414
52415
52420
52421
52422
52423
52424
52425
52430
52431
52432
52433
52434
52435
52440
52441
52442
52443
52444
52445
52450
52451
52452
52453
52454
52455
52500
52501
52502
52503
52504
52505
52510
52511
52512
52513
52514
52515
52520
52521
52522
52523
52524
52525
52530
52531
52532
52533
52534
52535
52540
52541
52542
52543
52544
52545
52550
52551
52552
52553
52554
52555
53000
53001
53002
53003
53004
53005
53010
53011
53012
53013
53014
53015
53020
53021
53022
53023
53024
53025
53030
53031
53032
53033
53034
53035
53040
53041
53042
53043
53044
53045
53050
53051
53052
53053
53054
53055
53100
53101
53102
53103
53104
53105
53110
53111
53112
53113
53114
53115
53120
53121
53122
53123
53124
53125
53130
53131
53132
53133
53134
53135
53140
53141
53142
53143
53144
53145
53150
53151
53152
53153
53154
53155
53200
53201
53202
53203
53204
53205
53210
53211
53212
53213
53214
53215
53220
53221
53222
53223
53224
53225
53230
53231
53232
53233
53234
53235
53240
53241
53242
53243
53244
53245
53250
53251
53252
53253
53254
53255
53300
53301
53302
53303
53304
53305
53310
53311
53312
53313
53314
53315
53320
53321
53322
53323
53324
53325
53330
53331
53332
53333
53334
53335
53340
53341
53342
53343
53344
53345
53350
53351
53352
53353
53354
53355
53400
53401
53402
53403
53404
53405
53410
53411
53412
53413
53414
53415
53420
53421
53422
53423
53424
53425
53430
53431
53432
53433
53434
53435
53440
53441
53442
53443
53444
53445
53450
53451
53452
53453
53454
53455
53500
53501
53502
53503
53504
53505
53510
53511
53512
53513
53514
53515
53520
53521
53522
53523
53524
53525
53530
53531
53532
53533
53534
53535
53540
53541
53542
53543
53544
53545
53550
53551
53552
53553
53554
53555
54000
54001
54002
54003
54004
54005
54010
54011
54012
54013
54014
54015
54020
54021
54022
54023
54024
54025
54030
54031
54032
54033
54034
54035
54040
54041
54042
54043
54044
54045
54050
54051
54052
54053
54054
54055
54100
54101
54102
54103
54104
54105
54110
54111
54112
54113
54114
54115
54120
54121
54122
54123
54124
54125
54130
54131
54132
54133
54134
54135
54140
54141
54142
54143
54144
54145
54150
54151
54152
54153
54154
54155
54200
54201
54202
54203
54204
54205
54210
54211
54212
54213
54214
54215
54220
54221
54222
54223
54224
54225
54230
54231
54232
54233
54234
54235
54240
54241
54242
54243
54244
54245
54250
54251
54252
54253
54254
54255
54300
54301
54302
54303
54304
54305
54310
54311
54312
54313
54314
54315
54320
54321
54322
54323
54324
54325
54330
54331
54332
54333
54334
54335
54340
54341
54342
54343
54344
54345
54350
54351
54352
54353
54354
54355
54400
54401
54402
54403
54404
54405
54410
54411
54412
54413
54414
54415
54420
54421
54422
54423
54424
54425
54430
54431
54432
54433
54434
54435
54440
54441
54442
54443
54444
54445
54450
54451
54452
54453
54454
54455
54500
54501
54502
54503
54504
54505
54510
54511
54512
54513
54514
54515
54520
54521
54522
54523
54524
54525
54530
54531
54532
54533
54534
54535
54540
54541
54542
54543
54544
54545
54550
54551
54552
54553
54554
54555
55000
55001
55002
55003
55004
55005
55010
55011
55012
55013
55014
55015
55020
55021
55022
55023
55024
55025
55030
55031
55032
55033
55034
55035
55040
55041
55042
55043
55044
55045
55050
55051
55052
55053
55054
55055
55100
55101
55102
55103
55104
55105
55110
55111
55112
55113
55114
55115
55120
55121
55122
55123
55124
55125
55130
55131
55132
55133
55134
55135
55140
55141
55142
55143
55144
55145
55150
55151
55152
55153
55154
55155
55200
55201
55202
55203
55204
55205
55210
55211
55212
55213
55214
55215
55220
55221
55222
55223
55224
55225
55230
55231
55232
55233
55234
55235
55240
55241
55242
55243
55244
55245
55250
55251
55252
55253
55254
55255
55300
55301
55302
55303
55304
55305
55310
55311
55312
55313
55314
55315
55320
55321
55322
55323
55324
55325
55330
55331
55332
55333
55334
55335
55340
55341
55342
55343
55344
55345
55350
55351
55352
55353
55354
55355
55400
55401
55402
55403
55404
55405
55410
55411
55412
55413
55414
55415
55420
55421
55422
55423
55424
55425
55430
55431
55432
55433
55434
55435
55440
55441
55442
55443
55444
55445
55450
55451
55452
55453
55454
55455
55500
55501
55502
55503
55504
55505
55510
55511
55512
55513
55514
55515
55520
55521
55522
55523
55524
55525
55530
55531
55532
55533
55534
55535
55540
55541
55542
55543
55544
55545
55550
55551
55552
55553
55554
55555
